{
 "metadata": {
  "celltoolbar": "Raw Cell Format",
  "name": "",
  "signature": "sha256:680a00de787282410f703256aa538f5cac70dc2163ec0ae4f548f704aa56083d"
 },
 "nbformat": 3,
 "nbformat_minor": 0,
 "worksheets": [
  {
   "cells": [
    {
     "cell_type": "heading",
     "level": 1,
     "metadata": {},
     "source": [
      "Compare metagenomic samples using k-mer counting\n"
     ]
    },
    {
     "cell_type": "code",
     "collapsed": false,
     "input": [
      "import pandas as pd\n",
      "import numpy as np\n",
      "import scipy"
     ],
     "language": "python",
     "metadata": {
      "slideshow": {
       "slide_type": "skip"
      }
     },
     "outputs": [],
     "prompt_number": 3
    },
    {
     "cell_type": "markdown",
     "metadata": {},
     "source": []
    },
    {
     "cell_type": "heading",
     "level": 1,
     "metadata": {
      "slideshow": {
       "slide_type": "slide"
      }
     },
     "source": [
      "Virus data"
     ]
    },
    {
     "cell_type": "code",
     "collapsed": false,
     "input": [
      "print(open('../data/distance.txt').read())"
     ],
     "language": "python",
     "metadata": {},
     "outputs": [
      {
       "output_type": "stream",
       "stream": "stdout",
       "text": [
        ",AB,BH,IH,MH,BB,IB,MB,PB\n",
        "AB,0.9992734275,0.4569924027,0.3697534972,0.4675633445,0.5413782235,0.3860016352,0.712955721,0.4059908649\n",
        "BH,0.4569924027,0.99770628,0.3285638395,0.4878795657,0.5725955755,0.3176919508,0.7731938946,0.374767081\n",
        "IH,0.3697534972,0.3285638395,0.9946047171,0.4263033416,0.4806114407,0.2081276258,0.75322056,0.2521380227\n",
        "MH,0.4675633445,0.4878795657,0.4263033416,0.9985657914,0.5724980542,0.401382198,0.7033669819,0.4341871262\n",
        "BB,0.5413782235,0.5725955755,0.4806114407,0.5724980542,0.9982946983,0.4782554198,0.8590498844,0.5516852034\n",
        "IB,0.3860016352,0.3176919508,0.2081276258,0.401382198,0.4782554198,0.9977643616,0.6929675699,0.4041714732\n",
        "MB,0.712955721,0.7731938946,0.75322056,0.7033669819,0.8590498844,0.6929675699,0.9999058956,0.7512742605\n",
        "PB,0.4059908649,0.374767081,0.2521380227,0.4341871262,0.5516852034,0.4041714732,0.7512742605,0.9983619066\n",
        "\n"
       ]
      }
     ],
     "prompt_number": 4
    },
    {
     "cell_type": "code",
     "collapsed": false,
     "input": [
      "tb=pd.read_csv('../data/distance.txt',index_col=0)\n",
      "tb"
     ],
     "language": "python",
     "metadata": {},
     "outputs": [
      {
       "html": [
        "<div style=\"max-height:1000px;max-width:1500px;overflow:auto;\">\n",
        "<table border=\"1\" class=\"dataframe\">\n",
        "  <thead>\n",
        "    <tr style=\"text-align: right;\">\n",
        "      <th></th>\n",
        "      <th>AB</th>\n",
        "      <th>BH</th>\n",
        "      <th>IH</th>\n",
        "      <th>MH</th>\n",
        "      <th>BB</th>\n",
        "      <th>IB</th>\n",
        "      <th>MB</th>\n",
        "      <th>PB</th>\n",
        "    </tr>\n",
        "  </thead>\n",
        "  <tbody>\n",
        "    <tr>\n",
        "      <th>AB</th>\n",
        "      <td> 0.999273</td>\n",
        "      <td> 0.456992</td>\n",
        "      <td> 0.369753</td>\n",
        "      <td> 0.467563</td>\n",
        "      <td> 0.541378</td>\n",
        "      <td> 0.386002</td>\n",
        "      <td> 0.712956</td>\n",
        "      <td> 0.405991</td>\n",
        "    </tr>\n",
        "    <tr>\n",
        "      <th>BH</th>\n",
        "      <td> 0.456992</td>\n",
        "      <td> 0.997706</td>\n",
        "      <td> 0.328564</td>\n",
        "      <td> 0.487880</td>\n",
        "      <td> 0.572596</td>\n",
        "      <td> 0.317692</td>\n",
        "      <td> 0.773194</td>\n",
        "      <td> 0.374767</td>\n",
        "    </tr>\n",
        "    <tr>\n",
        "      <th>IH</th>\n",
        "      <td> 0.369753</td>\n",
        "      <td> 0.328564</td>\n",
        "      <td> 0.994605</td>\n",
        "      <td> 0.426303</td>\n",
        "      <td> 0.480611</td>\n",
        "      <td> 0.208128</td>\n",
        "      <td> 0.753221</td>\n",
        "      <td> 0.252138</td>\n",
        "    </tr>\n",
        "    <tr>\n",
        "      <th>MH</th>\n",
        "      <td> 0.467563</td>\n",
        "      <td> 0.487880</td>\n",
        "      <td> 0.426303</td>\n",
        "      <td> 0.998566</td>\n",
        "      <td> 0.572498</td>\n",
        "      <td> 0.401382</td>\n",
        "      <td> 0.703367</td>\n",
        "      <td> 0.434187</td>\n",
        "    </tr>\n",
        "    <tr>\n",
        "      <th>BB</th>\n",
        "      <td> 0.541378</td>\n",
        "      <td> 0.572596</td>\n",
        "      <td> 0.480611</td>\n",
        "      <td> 0.572498</td>\n",
        "      <td> 0.998295</td>\n",
        "      <td> 0.478255</td>\n",
        "      <td> 0.859050</td>\n",
        "      <td> 0.551685</td>\n",
        "    </tr>\n",
        "    <tr>\n",
        "      <th>IB</th>\n",
        "      <td> 0.386002</td>\n",
        "      <td> 0.317692</td>\n",
        "      <td> 0.208128</td>\n",
        "      <td> 0.401382</td>\n",
        "      <td> 0.478255</td>\n",
        "      <td> 0.997764</td>\n",
        "      <td> 0.692968</td>\n",
        "      <td> 0.404171</td>\n",
        "    </tr>\n",
        "    <tr>\n",
        "      <th>MB</th>\n",
        "      <td> 0.712956</td>\n",
        "      <td> 0.773194</td>\n",
        "      <td> 0.753221</td>\n",
        "      <td> 0.703367</td>\n",
        "      <td> 0.859050</td>\n",
        "      <td> 0.692968</td>\n",
        "      <td> 0.999906</td>\n",
        "      <td> 0.751274</td>\n",
        "    </tr>\n",
        "    <tr>\n",
        "      <th>PB</th>\n",
        "      <td> 0.405991</td>\n",
        "      <td> 0.374767</td>\n",
        "      <td> 0.252138</td>\n",
        "      <td> 0.434187</td>\n",
        "      <td> 0.551685</td>\n",
        "      <td> 0.404171</td>\n",
        "      <td> 0.751274</td>\n",
        "      <td> 0.998362</td>\n",
        "    </tr>\n",
        "  </tbody>\n",
        "</table>\n",
        "<p>8 rows \u00d7 8 columns</p>\n",
        "</div>"
       ],
       "metadata": {},
       "output_type": "pyout",
       "prompt_number": 27,
       "text": [
        "          AB        BH        IH        MH        BB        IB        MB  \\\n",
        "AB  0.999273  0.456992  0.369753  0.467563  0.541378  0.386002  0.712956   \n",
        "BH  0.456992  0.997706  0.328564  0.487880  0.572596  0.317692  0.773194   \n",
        "IH  0.369753  0.328564  0.994605  0.426303  0.480611  0.208128  0.753221   \n",
        "MH  0.467563  0.487880  0.426303  0.998566  0.572498  0.401382  0.703367   \n",
        "BB  0.541378  0.572596  0.480611  0.572498  0.998295  0.478255  0.859050   \n",
        "IB  0.386002  0.317692  0.208128  0.401382  0.478255  0.997764  0.692968   \n",
        "MB  0.712956  0.773194  0.753221  0.703367  0.859050  0.692968  0.999906   \n",
        "PB  0.405991  0.374767  0.252138  0.434187  0.551685  0.404171  0.751274   \n",
        "\n",
        "          PB  \n",
        "AB  0.405991  \n",
        "BH  0.374767  \n",
        "IH  0.252138  \n",
        "MH  0.434187  \n",
        "BB  0.551685  \n",
        "IB  0.404171  \n",
        "MB  0.751274  \n",
        "PB  0.998362  \n",
        "\n",
        "[8 rows x 8 columns]"
       ]
      }
     ],
     "prompt_number": 27
    },
    {
     "cell_type": "code",
     "collapsed": false,
     "input": [
      "\n",
      "table = 1-tb\n",
      "table\n",
      "for i in range(8):\n",
      "    table.iloc[i,i]=0\n",
      "table"
     ],
     "language": "python",
     "metadata": {},
     "outputs": [
      {
       "html": [
        "<div style=\"max-height:1000px;max-width:1500px;overflow:auto;\">\n",
        "<table border=\"1\" class=\"dataframe\">\n",
        "  <thead>\n",
        "    <tr style=\"text-align: right;\">\n",
        "      <th></th>\n",
        "      <th>AB</th>\n",
        "      <th>BH</th>\n",
        "      <th>IH</th>\n",
        "      <th>MH</th>\n",
        "      <th>BB</th>\n",
        "      <th>IB</th>\n",
        "      <th>MB</th>\n",
        "      <th>PB</th>\n",
        "    </tr>\n",
        "  </thead>\n",
        "  <tbody>\n",
        "    <tr>\n",
        "      <th>AB</th>\n",
        "      <td> 0.000000</td>\n",
        "      <td> 0.543008</td>\n",
        "      <td> 0.630247</td>\n",
        "      <td> 0.532437</td>\n",
        "      <td> 0.458622</td>\n",
        "      <td> 0.613998</td>\n",
        "      <td> 0.287044</td>\n",
        "      <td> 0.594009</td>\n",
        "    </tr>\n",
        "    <tr>\n",
        "      <th>BH</th>\n",
        "      <td> 0.543008</td>\n",
        "      <td> 0.000000</td>\n",
        "      <td> 0.671436</td>\n",
        "      <td> 0.512120</td>\n",
        "      <td> 0.427404</td>\n",
        "      <td> 0.682308</td>\n",
        "      <td> 0.226806</td>\n",
        "      <td> 0.625233</td>\n",
        "    </tr>\n",
        "    <tr>\n",
        "      <th>IH</th>\n",
        "      <td> 0.630247</td>\n",
        "      <td> 0.671436</td>\n",
        "      <td> 0.000000</td>\n",
        "      <td> 0.573697</td>\n",
        "      <td> 0.519389</td>\n",
        "      <td> 0.791872</td>\n",
        "      <td> 0.246779</td>\n",
        "      <td> 0.747862</td>\n",
        "    </tr>\n",
        "    <tr>\n",
        "      <th>MH</th>\n",
        "      <td> 0.532437</td>\n",
        "      <td> 0.512120</td>\n",
        "      <td> 0.573697</td>\n",
        "      <td> 0.000000</td>\n",
        "      <td> 0.427502</td>\n",
        "      <td> 0.598618</td>\n",
        "      <td> 0.296633</td>\n",
        "      <td> 0.565813</td>\n",
        "    </tr>\n",
        "    <tr>\n",
        "      <th>BB</th>\n",
        "      <td> 0.458622</td>\n",
        "      <td> 0.427404</td>\n",
        "      <td> 0.519389</td>\n",
        "      <td> 0.427502</td>\n",
        "      <td> 0.000000</td>\n",
        "      <td> 0.521745</td>\n",
        "      <td> 0.140950</td>\n",
        "      <td> 0.448315</td>\n",
        "    </tr>\n",
        "    <tr>\n",
        "      <th>IB</th>\n",
        "      <td> 0.613998</td>\n",
        "      <td> 0.682308</td>\n",
        "      <td> 0.791872</td>\n",
        "      <td> 0.598618</td>\n",
        "      <td> 0.521745</td>\n",
        "      <td> 0.000000</td>\n",
        "      <td> 0.307032</td>\n",
        "      <td> 0.595829</td>\n",
        "    </tr>\n",
        "    <tr>\n",
        "      <th>MB</th>\n",
        "      <td> 0.287044</td>\n",
        "      <td> 0.226806</td>\n",
        "      <td> 0.246779</td>\n",
        "      <td> 0.296633</td>\n",
        "      <td> 0.140950</td>\n",
        "      <td> 0.307032</td>\n",
        "      <td> 0.000000</td>\n",
        "      <td> 0.248726</td>\n",
        "    </tr>\n",
        "    <tr>\n",
        "      <th>PB</th>\n",
        "      <td> 0.594009</td>\n",
        "      <td> 0.625233</td>\n",
        "      <td> 0.747862</td>\n",
        "      <td> 0.565813</td>\n",
        "      <td> 0.448315</td>\n",
        "      <td> 0.595829</td>\n",
        "      <td> 0.248726</td>\n",
        "      <td> 0.000000</td>\n",
        "    </tr>\n",
        "  </tbody>\n",
        "</table>\n",
        "<p>8 rows \u00d7 8 columns</p>\n",
        "</div>"
       ],
       "metadata": {},
       "output_type": "pyout",
       "prompt_number": 24,
       "text": [
        "          AB        BH        IH        MH        BB        IB        MB  \\\n",
        "AB  0.000000  0.543008  0.630247  0.532437  0.458622  0.613998  0.287044   \n",
        "BH  0.543008  0.000000  0.671436  0.512120  0.427404  0.682308  0.226806   \n",
        "IH  0.630247  0.671436  0.000000  0.573697  0.519389  0.791872  0.246779   \n",
        "MH  0.532437  0.512120  0.573697  0.000000  0.427502  0.598618  0.296633   \n",
        "BB  0.458622  0.427404  0.519389  0.427502  0.000000  0.521745  0.140950   \n",
        "IB  0.613998  0.682308  0.791872  0.598618  0.521745  0.000000  0.307032   \n",
        "MB  0.287044  0.226806  0.246779  0.296633  0.140950  0.307032  0.000000   \n",
        "PB  0.594009  0.625233  0.747862  0.565813  0.448315  0.595829  0.248726   \n",
        "\n",
        "          PB  \n",
        "AB  0.594009  \n",
        "BH  0.625233  \n",
        "IH  0.747862  \n",
        "MH  0.565813  \n",
        "BB  0.448315  \n",
        "IB  0.595829  \n",
        "MB  0.248726  \n",
        "PB  0.000000  \n",
        "\n",
        "[8 rows x 8 columns]"
       ]
      }
     ],
     "prompt_number": 24
    },
    {
     "cell_type": "code",
     "collapsed": false,
     "input": [
      "from skbio.math.stats.ordination import PCoA\n",
      "from skbio.core.distance import DistanceMatrix"
     ],
     "language": "python",
     "metadata": {},
     "outputs": [],
     "prompt_number": 7
    },
    {
     "cell_type": "code",
     "collapsed": false,
     "input": [
      "ids=['AB','BH','IH','MH','BB','IB','MB','PB']\n",
      "bc_dm = DistanceMatrix(table,ids)"
     ],
     "language": "python",
     "metadata": {},
     "outputs": [],
     "prompt_number": 25
    },
    {
     "cell_type": "code",
     "collapsed": false,
     "input": [
      "soil_pcoa = PCoA(bc_dm)\n",
      "\n",
      "# run PCoA\n",
      "soil_pcoa_result = soil_pcoa.scores()\n",
      "#print soil_pcoa_result \n",
      "# get the matrix (here's I'm getting the transpose of the matrix, that's what\n",
      "# the .T means, as that's useful for the plotting that I'm step that we'll run next)\n",
      "soil_pcoa_matrix = soil_pcoa_result.site.T\n",
      "print soil_pcoa_matrix\n",
      "# get the proportion of the variation explained by each axis\n",
      "soil_pcoa_proportion_explained = soil_pcoa_result.proportion_explained\n",
      "# and get the ids for each of the points in the matrix\n",
      "soil_pcoa_ids = soil_pcoa_result.site_ids"
     ],
     "language": "python",
     "metadata": {},
     "outputs": [
      {
       "output_type": "stream",
       "stream": "stdout",
       "text": [
        "[[-0.01234707 -0.05720432 -0.418122   -0.05289629 -0.00467358  0.33538104\n",
        "  -0.01932986  0.22919207]\n",
        " [-0.07415309 -0.32678365  0.21125763 -0.02509116 -0.02357269  0.21442221\n",
        "   0.04068266 -0.01676191]\n",
        " [-0.14449689 -0.08084018  0.04297008 -0.01217284  0.04305091 -0.18933049\n",
        "   0.01408217  0.32673723]\n",
        " [-0.3160363   0.11811072  0.00418158  0.14669393  0.02302321  0.08021714\n",
        "   0.00625717 -0.06244745]\n",
        " [-0.06991766  0.12128012  0.06499495 -0.2901184   0.04965501  0.05594118\n",
        "   0.06537966  0.00278514]\n",
        " [ 0.00341588  0.04903884  0.02988553  0.00731528 -0.20945636  0.01674456\n",
        "   0.05828154  0.04477473]\n",
        " [-0.         -0.         -0.         -0.         -0.         -0.         -0.\n",
        "  -0.        ]\n",
        " [ 0.          0.          0.          0.          0.          0.          0.\n",
        "   0.        ]]\n"
       ]
      }
     ],
     "prompt_number": 37
    },
    {
     "cell_type": "code",
     "collapsed": false,
     "input": [
      "soil_ordered_latitudes = [soil_sample_md['Latitude'][sid] for sid in soil_pcoa_ids]\n",
      "soil_ordered_pHs = [soil_sample_md['pH'][sid] for sid in soil_pcoa_ids]"
     ],
     "language": "python",
     "metadata": {},
     "outputs": [
      {
       "ename": "NameError",
       "evalue": "name 'soil_sample_md' is not defined",
       "output_type": "pyerr",
       "traceback": [
        "\u001b[0;31m---------------------------------------------------------------------------\u001b[0m\n\u001b[0;31mNameError\u001b[0m                                 Traceback (most recent call last)",
        "\u001b[0;32m<ipython-input-31-4589de08aa98>\u001b[0m in \u001b[0;36m<module>\u001b[0;34m()\u001b[0m\n\u001b[0;32m----> 1\u001b[0;31m \u001b[0msoil_ordered_latitudes\u001b[0m \u001b[0;34m=\u001b[0m \u001b[0;34m[\u001b[0m\u001b[0msoil_sample_md\u001b[0m\u001b[0;34m[\u001b[0m\u001b[0;34m'Latitude'\u001b[0m\u001b[0;34m]\u001b[0m\u001b[0;34m[\u001b[0m\u001b[0msid\u001b[0m\u001b[0;34m]\u001b[0m \u001b[0;32mfor\u001b[0m \u001b[0msid\u001b[0m \u001b[0;32min\u001b[0m \u001b[0msoil_pcoa_ids\u001b[0m\u001b[0;34m]\u001b[0m\u001b[0;34m\u001b[0m\u001b[0m\n\u001b[0m\u001b[1;32m      2\u001b[0m \u001b[0msoil_ordered_pHs\u001b[0m \u001b[0;34m=\u001b[0m \u001b[0;34m[\u001b[0m\u001b[0msoil_sample_md\u001b[0m\u001b[0;34m[\u001b[0m\u001b[0;34m'pH'\u001b[0m\u001b[0;34m]\u001b[0m\u001b[0;34m[\u001b[0m\u001b[0msid\u001b[0m\u001b[0;34m]\u001b[0m \u001b[0;32mfor\u001b[0m \u001b[0msid\u001b[0m \u001b[0;32min\u001b[0m \u001b[0msoil_pcoa_ids\u001b[0m\u001b[0;34m]\u001b[0m\u001b[0;34m\u001b[0m\u001b[0m\n",
        "\u001b[0;31mNameError\u001b[0m: name 'soil_sample_md' is not defined"
       ]
      }
     ],
     "prompt_number": 31
    },
    {
     "cell_type": "code",
     "collapsed": false,
     "input": [
      "from mpl_toolkits.mplot3d import Axes3D\n",
      "import matplotlib.pyplot as plt\n",
      "\n",
      "def scatter_3d(coord_matrix, n,title=\"\", axis1=0, axis2=1, axis3=2):\n",
      "    # adapted from matplotlib gallery here:\n",
      "    # http://matplotlib.org/examples/mplot3d/scatter3d_demo.html\n",
      "    fig = plt.figure()\n",
      "    ax = fig.add_subplot(111, projection='3d')\n",
      "\n",
      "    xs = coord_matrix[axis1]\n",
      "    \n",
      "    ys = coord_matrix[axis2]\n",
      "    zs = coord_matrix[axis3]\n",
      "    print xs,ys,zs\n",
      "    plot = ax.scatter(xs, ys, zs,)\n",
      "\n",
      "    ax.set_xlabel('PC %d' % (axis1 + 1))\n",
      "    ax.set_ylabel('PC %d' % (axis2 + 1))\n",
      "    ax.set_zlabel('PC %d' % (axis3 + 1))\n",
      "    ax.set_xticklabels([])\n",
      "    ax.set_yticklabels([])\n",
      "    ax.set_zticklabels([])\n",
      "#    fig.colorbar(plot)\n",
      "    ax.set_title(title)\n",
      "    \n",
      "    for i, txt in enumerate(n):\n",
      "        print i,txt\n",
      "        ax.annotate(txt, (xs[i],ys[i],zs[i]))\n",
      "    \n",
      "    plt.show()"
     ],
     "language": "python",
     "metadata": {},
     "outputs": [],
     "prompt_number": 46
    },
    {
     "cell_type": "code",
     "collapsed": false,
     "input": [
      "scatter_3d(soil_pcoa_matrix, ids,\"test\")"
     ],
     "language": "python",
     "metadata": {},
     "outputs": [
      {
       "output_type": "stream",
       "stream": "stdout",
       "text": [
        "[-0.01234707 -0.05720432 -0.418122   -0.05289629 -0.00467358  0.33538104\n",
        " -0.01932986  0.22919207] [-0.07415309 -0.32678365  0.21125763 -0.02509116 -0.02357269  0.21442221\n",
        "  0.04068266 -0.01676191] [-0.14449689 -0.08084018  0.04297008 -0.01217284  0.04305091 -0.18933049\n",
        "  0.01408217  0.32673723]\n",
        "0"
       ]
      },
      {
       "output_type": "stream",
       "stream": "stdout",
       "text": [
        " AB\n"
       ]
      },
      {
       "ename": "ValueError",
       "evalue": "too many values to unpack",
       "output_type": "pyerr",
       "traceback": [
        "\u001b[0;31m---------------------------------------------------------------------------\u001b[0m\n\u001b[0;31mValueError\u001b[0m                                Traceback (most recent call last)",
        "\u001b[0;32m<ipython-input-47-3fec935ded4d>\u001b[0m in \u001b[0;36m<module>\u001b[0;34m()\u001b[0m\n\u001b[0;32m----> 1\u001b[0;31m \u001b[0mscatter_3d\u001b[0m\u001b[0;34m(\u001b[0m\u001b[0msoil_pcoa_matrix\u001b[0m\u001b[0;34m,\u001b[0m \u001b[0mids\u001b[0m\u001b[0;34m,\u001b[0m\u001b[0;34m\"test\"\u001b[0m\u001b[0;34m)\u001b[0m\u001b[0;34m\u001b[0m\u001b[0m\n\u001b[0m",
        "\u001b[0;32m<ipython-input-46-fd722fbfd426>\u001b[0m in \u001b[0;36mscatter_3d\u001b[0;34m(coord_matrix, n, title, axis1, axis2, axis3)\u001b[0m\n\u001b[1;32m     26\u001b[0m     \u001b[0;32mfor\u001b[0m \u001b[0mi\u001b[0m\u001b[0;34m,\u001b[0m \u001b[0mtxt\u001b[0m \u001b[0;32min\u001b[0m \u001b[0menumerate\u001b[0m\u001b[0;34m(\u001b[0m\u001b[0mn\u001b[0m\u001b[0;34m)\u001b[0m\u001b[0;34m:\u001b[0m\u001b[0;34m\u001b[0m\u001b[0m\n\u001b[1;32m     27\u001b[0m         \u001b[0;32mprint\u001b[0m \u001b[0mi\u001b[0m\u001b[0;34m,\u001b[0m\u001b[0mtxt\u001b[0m\u001b[0;34m\u001b[0m\u001b[0m\n\u001b[0;32m---> 28\u001b[0;31m         \u001b[0max\u001b[0m\u001b[0;34m.\u001b[0m\u001b[0mannotate\u001b[0m\u001b[0;34m(\u001b[0m\u001b[0mtxt\u001b[0m\u001b[0;34m,\u001b[0m \u001b[0;34m(\u001b[0m\u001b[0mxs\u001b[0m\u001b[0;34m[\u001b[0m\u001b[0mi\u001b[0m\u001b[0;34m]\u001b[0m\u001b[0;34m,\u001b[0m\u001b[0mys\u001b[0m\u001b[0;34m[\u001b[0m\u001b[0mi\u001b[0m\u001b[0;34m]\u001b[0m\u001b[0;34m,\u001b[0m\u001b[0mzs\u001b[0m\u001b[0;34m[\u001b[0m\u001b[0mi\u001b[0m\u001b[0;34m]\u001b[0m\u001b[0;34m)\u001b[0m\u001b[0;34m)\u001b[0m\u001b[0;34m\u001b[0m\u001b[0m\n\u001b[0m\u001b[1;32m     29\u001b[0m \u001b[0;34m\u001b[0m\u001b[0m\n\u001b[1;32m     30\u001b[0m     \u001b[0mplt\u001b[0m\u001b[0;34m.\u001b[0m\u001b[0mshow\u001b[0m\u001b[0;34m(\u001b[0m\u001b[0;34m)\u001b[0m\u001b[0;34m\u001b[0m\u001b[0m\n",
        "\u001b[0;32m/Users/qingpeng/Library/Enthought/Canopy_64bit/User/lib/python2.7/site-packages/matplotlib/axes.pyc\u001b[0m in \u001b[0;36mannotate\u001b[0;34m(self, *args, **kwargs)\u001b[0m\n\u001b[1;32m   3402\u001b[0m         \u001b[0;34m.\u001b[0m\u001b[0;34m.\u001b[0m \u001b[0mplot\u001b[0m\u001b[0;34m:\u001b[0m\u001b[0;34m:\u001b[0m \u001b[0mmpl_examples\u001b[0m\u001b[0;34m/\u001b[0m\u001b[0mpylab_examples\u001b[0m\u001b[0;34m/\u001b[0m\u001b[0mannotation_demo2\u001b[0m\u001b[0;34m.\u001b[0m\u001b[0mpy\u001b[0m\u001b[0;34m\u001b[0m\u001b[0m\n\u001b[1;32m   3403\u001b[0m         \"\"\"\n\u001b[0;32m-> 3404\u001b[0;31m         \u001b[0ma\u001b[0m \u001b[0;34m=\u001b[0m \u001b[0mmtext\u001b[0m\u001b[0;34m.\u001b[0m\u001b[0mAnnotation\u001b[0m\u001b[0;34m(\u001b[0m\u001b[0;34m*\u001b[0m\u001b[0margs\u001b[0m\u001b[0;34m,\u001b[0m \u001b[0;34m**\u001b[0m\u001b[0mkwargs\u001b[0m\u001b[0;34m)\u001b[0m\u001b[0;34m\u001b[0m\u001b[0m\n\u001b[0m\u001b[1;32m   3405\u001b[0m         \u001b[0ma\u001b[0m\u001b[0;34m.\u001b[0m\u001b[0mset_transform\u001b[0m\u001b[0;34m(\u001b[0m\u001b[0mmtransforms\u001b[0m\u001b[0;34m.\u001b[0m\u001b[0mIdentityTransform\u001b[0m\u001b[0;34m(\u001b[0m\u001b[0;34m)\u001b[0m\u001b[0;34m)\u001b[0m\u001b[0;34m\u001b[0m\u001b[0m\n\u001b[1;32m   3406\u001b[0m         \u001b[0mself\u001b[0m\u001b[0;34m.\u001b[0m\u001b[0m_set_artist_props\u001b[0m\u001b[0;34m(\u001b[0m\u001b[0ma\u001b[0m\u001b[0;34m)\u001b[0m\u001b[0;34m\u001b[0m\u001b[0m\n",
        "\u001b[0;32m/Users/qingpeng/Library/Enthought/Canopy_64bit/User/lib/python2.7/site-packages/matplotlib/text.pyc\u001b[0m in \u001b[0;36m__init__\u001b[0;34m(self, s, xy, xytext, xycoords, textcoords, arrowprops, annotation_clip, **kwargs)\u001b[0m\n\u001b[1;32m   1811\u001b[0m                                  \u001b[0mxy\u001b[0m\u001b[0;34m,\u001b[0m \u001b[0mxytext\u001b[0m\u001b[0;34m=\u001b[0m\u001b[0mxytext\u001b[0m\u001b[0;34m,\u001b[0m\u001b[0;34m\u001b[0m\u001b[0m\n\u001b[1;32m   1812\u001b[0m                                  \u001b[0mxycoords\u001b[0m\u001b[0;34m=\u001b[0m\u001b[0mxycoords\u001b[0m\u001b[0;34m,\u001b[0m \u001b[0mtextcoords\u001b[0m\u001b[0;34m=\u001b[0m\u001b[0mtextcoords\u001b[0m\u001b[0;34m,\u001b[0m\u001b[0;34m\u001b[0m\u001b[0m\n\u001b[0;32m-> 1813\u001b[0;31m                                  annotation_clip=annotation_clip)\n\u001b[0m\u001b[1;32m   1814\u001b[0m \u001b[0;34m\u001b[0m\u001b[0m\n\u001b[1;32m   1815\u001b[0m         \u001b[0mx\u001b[0m\u001b[0;34m,\u001b[0m \u001b[0my\u001b[0m \u001b[0;34m=\u001b[0m \u001b[0mself\u001b[0m\u001b[0;34m.\u001b[0m\u001b[0mxytext\u001b[0m\u001b[0;34m\u001b[0m\u001b[0m\n",
        "\u001b[0;32m/Users/qingpeng/Library/Enthought/Canopy_64bit/User/lib/python2.7/site-packages/matplotlib/text.pyc\u001b[0m in \u001b[0;36m__init__\u001b[0;34m(self, xy, xytext, xycoords, textcoords, annotation_clip)\u001b[0m\n\u001b[1;32m   1440\u001b[0m             \u001b[0mtextcoords\u001b[0m \u001b[0;34m=\u001b[0m \u001b[0mxycoords\u001b[0m\u001b[0;34m\u001b[0m\u001b[0m\n\u001b[1;32m   1441\u001b[0m         \u001b[0;31m# we'll draw ourself after the artist we annotate by default\u001b[0m\u001b[0;34m\u001b[0m\u001b[0;34m\u001b[0m\u001b[0m\n\u001b[0;32m-> 1442\u001b[0;31m         \u001b[0mx\u001b[0m\u001b[0;34m,\u001b[0m \u001b[0my\u001b[0m \u001b[0;34m=\u001b[0m \u001b[0mself\u001b[0m\u001b[0;34m.\u001b[0m\u001b[0mxytext\u001b[0m \u001b[0;34m=\u001b[0m \u001b[0mxytext\u001b[0m\u001b[0;34m\u001b[0m\u001b[0m\n\u001b[0m\u001b[1;32m   1443\u001b[0m \u001b[0;34m\u001b[0m\u001b[0m\n\u001b[1;32m   1444\u001b[0m         \u001b[0mself\u001b[0m\u001b[0;34m.\u001b[0m\u001b[0mxy\u001b[0m \u001b[0;34m=\u001b[0m \u001b[0mxy\u001b[0m\u001b[0;34m\u001b[0m\u001b[0m\n",
        "\u001b[0;31mValueError\u001b[0m: too many values to unpack"
       ]
      },
      {
       "metadata": {},
       "output_type": "display_data",
