GID		NAME	GWEIGHT	IH	AB	BH	MH	BB	MB	PB	IB
AID				ARRY2X	ARRY0X	ARRY1X	ARRY3X	ARRY4X	ARRY6X	ARRY7X	ARRY5X
EWEIGHT				1.000000	1.000000	1.000000	1.000000	1.000000	1.000000	1.000000	1.000000
GENE2X	IH	IH	1.000000	0.994605	0.369753	0.328564	0.426303	0.480611	0.753221	0.252138	0.208128
GENE0X	AB	AB	1.000000	0.369753	0.999273	0.456992	0.467563	0.541378	0.712956	0.405991	0.386002
GENE1X	BH	BH	1.000000	0.328564	0.456992	0.997706	0.487880	0.572596	0.773194	0.374767	0.317692
GENE3X	MH	MH	1.000000	0.426303	0.467563	0.487880	0.998566	0.572498	0.703367	0.434187	0.401382
GENE4X	BB	BB	1.000000	0.480611	0.541378	0.572596	0.572498	0.998295	0.859050	0.551685	0.478255
GENE6X	MB	MB	1.000000	0.753221	0.712956	0.773194	0.703367	0.859050	0.999906	0.751274	0.692968
GENE7X	PB	PB	1.000000	0.252138	0.405991	0.374767	0.434187	0.551685	0.751274	0.998362	0.404171
GENE5X	IB	IB	1.000000	0.208128	0.386002	0.317692	0.401382	0.478255	0.692968	0.404171	0.997764
