0   0.99779226159 0.102807333859 0.106174744865 0.111933873265 0.0156842711236 0.020614421529 0.0491503619206 0.00721929775329 0.00174748922334 0.00734039655345 0.00701874215298 0.00735697144399 0.00743748301657 0.00865919406463 0.00759959881413 0.00612847666544 0.0044487155813 0.00682614669793 0.00718133772221 0.0277540740281 0.0573587956156 0.0435974823533 0.0788354697539 0.0600665062861 0.0577322548713 0.00550108087312 0.0209828311752 0.0306559664219 0.0482804828177 0.0265060335432 0.0472901631161 0.0202416022506 0.0191937888899 0.019086949799 0.0403734969408 0.0246384668329 0.0103271765613 0.00410306357093 0.023836240432 0.0133008219108 0.0137046818328 0.010664286187 0.0131260079879 0.0211587611647 
1   0.102807333859 1.0 0.209925438948 0.225664439038 0.0180923200125 0.0245929156916 0.0888846021425 0.00485675866627 0.00224929709466 0.00443346958845 0.00375088221067 0.00514781390387 0.00454150369405 0.00749269864715 0.00559418688821 0.00721141689676 0.00305696138039 0.00334730298505 0.0049383475428 0.0570141122931 0.0903896594697 0.0775463536063 0.135409326659 0.0976119915725 0.0915658390515 0.00233727497209 0.034362485467 0.0508793597696 0.0746861055769 0.0348451870614 0.0675632549632 0.0379520083077 0.0362975868772 0.0345569177351 0.0807576752246 0.0455080475755 0.0120292864544 0.00177227855186 0.0368460800794 0.0214151277091 0.0212759489053 0.0141595925297 0.0172232472084 0.0364643335829 
2   0.106174744865 0.209925438948 1.0 0.196210105909 0.0104482312735 0.00799799886893 0.0378459016536 0.00169648774023 0.000959483319394 0.00110243388953 0.000632608159715 0.00117382395908 0.00117670878839 0.00239322754719 0.00166466579491 0.00383325990352 0.00131570944919 0.000733337777805 0.00200643954639 0.0513722574942 0.0636581841486 0.0612795060862 0.0953519705755 0.0598012424303 0.0520152332593 0.000593815300891 0.0278127890091 0.0349400709892 0.0421071717482 0.0120386675546 0.0345716085277 0.0284880228121 0.0256736579271 0.0250017986906 0.0679174216023 0.0446999388999 0.00732123060135 0.000464616573523 0.0276718960535 0.0162386269766 0.0151398046029 0.00908159860071 0.00946055953898 0.0268150746158 
3   0.111933873265 0.225664439038 0.196210105909 1.0 0.0165615939586 0.0287750062035 0.0864808721805 0.00353877002402 0.00180020058653 0.00272326771357 0.00202353503436 0.00276842919073 0.00283910025573 0.0042087487416 0.00364481961788 0.00640369850735 0.00251382274046 0.00204623889076 0.00362555366776 0.0599880726484 0.111513875048 0.0896634897967 0.153224452842 0.117886324353 0.112262466181 0.00135540371782 0.0358569772303 0.0591933941688 0.0929934170229 0.0464440033472 0.0905418578773 0.038174700534 0.035667150081 0.0334584674698 0.0801079561233 0.0467461402657 0.0108129380458 0.00101513428567 0.0374999732097 0.0212111090911 0.0206331233009 0.0130155060189 0.0168054777873 0.038326445833 
4   0.0156842711236 0.0180923200125 0.0104482312735 0.0165615939586 1.0 0.040264600848 0.0508259374614 0.00326208030552 0.00175527194458 0.00342530630635 0.00167090125465 0.00142057407032 0.00195001344837 0.00630498479819 0.00278360515215 0.002134544268 0.00153305820748 0.00160885465935 0.00388394528951 0.00338818081604 0.00572087470432 0.00683182793145 0.00714869740682 0.00660481593855 0.00623026033845 0.000854784628465 0.00204632500456 0.00633299749256 0.0050580422145 0.00647852088981 0.00502734024321 0.00358091495807 0.00266140420755 0.00193149579562 0.00861608282287 0.0020025814121 0.0136033336777 0.00250896529744 0.00298880733216 0.00242967022877 0.00214652780936 0.00261991520128 0.00218356328734 0.00264249964988 
5   0.020614421529 0.0245929156916 0.00799799886893 0.0287750062035 0.040264600848 1.0 0.0796917972672 0.0231581919575 0.000786833650252 0.00148751598732 0.000756399800047 0.000790256600967 0.00151531169609 0.00525480594849 0.00147466629066 0.00131198695105 0.000566545927371 0.00041461852792 0.00152006220025 0.00415396514855 0.0276496217935 0.0168281910039 0.0257284367234 0.0260391700336 0.0271007381868 0.000162681402675 0.00264477802275 0.00932882338275 0.0200307203201 0.0188631980943 0.0244921570349 0.00341549914533 0.00248966805617 0.00258503646025 0.00507046885172 0.00213727892343 0.00384642751012 0.000483936871137 0.00375579351127 0.0016097083105 0.00184632190118 0.00174996008303 0.00277197185971 0.003101593091 
6   0.0491503619206 0.0888846021425 0.0378459016536 0.0864808721805 0.0508259374614 0.0796917972672 1.0 0.00266896013387 0.00218893709891 0.00216777923061 0.000977313300582 0.00192067355127 0.00213491847542 0.00641874543931 0.00205063674601 0.00329905364625 0.00131927338481 0.000983923153314 0.00167546357386 0.0190656131913 0.0362427348405 0.0328787595741 0.0514614267915 0.0451819272291 0.0423496547726 0.00020066579883 0.00890032969141 0.0231574717424 0.0395515567741 0.00500887232305 0.0353636592005 0.0114810562572 0.0119508320807 0.0127479006611 0.0203276611673 0.00826852664387 0.00443068781748 0.000421867790968 0.0136966360533 0.00556687324427 0.00765205516543 0.00610045500282 0.0127041054719 0.0170286401034 
7   0.00721929775329 0.00485675866627 0.00169648774023 0.00353877002402 0.00326208030552 0.0231581919575 0.00266896013387 1.0 0.139517999945 0.11077118746 0.0512639488619 0.139681909207 0.115518340384 0.0402873689029 0.0666623525957 0.0528029855824 0.0138034752566 0.00171542510252 0.0311027913552 0.00205210100808 0.00177142581702 0.00190581877835 0.00175382611012 0.00187263792262 0.00182939882841 0.000272763162617 0.00149572986882 0.00206370348445 0.00176326671667 0.000594400254271 0.00205084307484 0.00354118776733 0.0034831091739 0.0026351241906 0.00419975787429 0.00458251118746 0.00546348773033 0.000330529769182 0.00239512067423 0.00232847060258 0.00244064119561 0.00189041973726 0.00198813515055 0.00188369011701 
8   0.00174748922334 0.00224929709466 0.000959483319394 0.00180020058653 0.00175527194458 0.000786833650252 0.00218893709891 0.139517999945 1.0 0.0874358437205 0.0368188632512 0.140315293031 0.110334413998 0.0300847014535 0.0452990603798 0.03244966371 0.00682111373898 0.000873422912439 0.018658772378 0.00155913696257 0.000926087623765 0.00112861434771 0.00100881617615 0.00110106289271 0.00104605697456 1.95552575707e-05 0.000863481952193 0.00114041262202 0.00108910077265 0.000142640830389 0.00129630643954 0.00190704478559 0.00189103037218 0.00161545869707 0.00173972150196 0.00226904896728 0.00171259833129 8.4896399862e-05 0.00138809504368 0.00129928514616 0.00155235980251 0.00129640542133 0.00125364340113 0.00122778573565 
9   0.00734039655345 0.00443346958845 0.00110243388953 0.00272326771357 0.00342530630635 0.00148751598732 0.00216777923061 0.11077118746 0.0874358437205 1.0 0.0719957927952 0.126751185213 0.0654037464282 0.0292967680463 0.0319214891654 0.0252622597381 0.00672514290224 0.00131196230481 0.0134770042724 0.00152878291283 0.00144741876986 0.00174921285422 0.0012107941006 0.00147673503592 0.00148180408319 0.000125961169607 0.00121240331895 0.00191271382022 0.00153755174453 0.000472268617174 0.00198500645609 0.00211969938809 0.00183049530806 0.00185377910758 0.00318360829971 0.0018963544221 0.00502545067346 0.000248250838014 0.00176182289943 0.00159981008706 0.00188510080692 0.00193038801642 0.00206753962784 0.00158842701755 
10   0.00701874215298 0.00375088221067 0.000632608159715 0.00202353503436 0.00167090125465 0.000756399800047 0.000977313300582 0.0512639488619 0.0368188632512 0.0719957927952 1.0 0.0931628176475 0.0244757427906 0.0517281142222 0.0318014156116 0.0352278839603 0.0103197784077 0.00166583908635 0.0182161434797 0.000873610643314 0.000684375547103 0.000865856055415 0.000737342804789 0.000784798453947 0.000758439548805 8.67166826113e-05 0.00068937277444 0.00119260584377 0.000834268881771 0.000253022519004 0.00114746794109 0.00114402336067 0.00103524220271 0.00111076507838 0.00242931548504 0.00114766487382 0.00433662126044 0.000318561799662 0.000874778747481 0.000866572581644 0.00104565548176 0.00105677400021 0.000983059911603 0.000941545291485 
11   0.00735697144399 0.00514781390387 0.00117382395908 0.00276842919073 0.00142057407032 0.000790256600967 0.00192067355127 0.139681909207 0.140315293031 0.126751185213 0.0931628176475 1.0 0.0848552761185 0.0384664138507 0.0608208257184 0.0477595066059 0.0119328242285 0.00108156972896 0.0188708829004 0.00146899726353 0.00136333745008 0.00140791537519 0.00121666771733 0.00150181304404 0.00134869028328 6.46005718555e-05 0.00103928931412 0.00178668916572 0.00144243241841 0.000310507346826 0.00189670355386 0.00220046209704 0.00207453031588 0.00192983557173 0.00310148962231 0.00239275923238 0.00481952074416 0.000158258570566 0.00151010689289 0.00154618864499 0.00185108259181 0.00150779024962 0.00163879651875 0.00144703992876 
12   0.00743748301657 0.00454150369405 0.00117670878839 0.00283910025573 0.00195001344837 0.00151531169609 0.00213491847542 0.115518340384 0.110334413998 0.0654037464282 0.0244757427906 0.0848552761185 1.0 0.0289423422925 0.0323833500917 0.0249837566907 0.00511928854431 0.00105565026928 0.0154063477115 0.00179579128791 0.0014074082381 0.0017125018248 0.00127041330563 0.00147117275698 0.00156195485897 6.04603624743e-05 0.00124194377879 0.0018998853118 0.00160299080046 0.00027381139638 0.00215371401801 0.00227422544496 0.00213721503799 0.00196702628364 0.0031233846664 0.00230825575884 0.00515080553573 0.000142619763601 0.0017374694459 0.00179359104039 0.00200750089482 0.00194599228461 0.00192302761468 0.00166146186417 
13   0.00865919406463 0.00749269864715 0.00239322754719 0.0042087487416 0.00630498479819 0.00525480594849 0.00641874543931 0.0402873689029 0.0300847014535 0.0292967680463 0.0517281142222 0.0384664138507 0.0289423422925 1.0 0.0720718996162 0.0948792790887 0.0273052855287 0.0133063869876 0.0861749499417 0.00635878394059 0.0036456732434 0.00272999528774 0.00273218399116 0.00306536758713 0.00366065363424 0.000152578577968 0.00310189594306 0.00347767958395 0.00291580702382 0.00052731238465 0.00283177614336 0.00603295094318 0.00616239994729 0.00426519235481 0.00575482756998 0.00645872493181 0.0103539054932 0.000586438904503 0.00481435746699 0.00475470386625 0.00473471594118 0.00273902470242 0.00267786874355 0.00343724989077 
14   0.00759959881413 0.00559418688821 0.00166466579491 0.00364481961788 0.00278360515215 0.00147466629066 0.00205063674601 0.0666623525957 0.0452990603798 0.0319214891654 0.0318014156116 0.0608208257184 0.0323833500917 0.0720718996162 1.0 0.0992532057586 0.0273635747872 0.00594748497311 0.0558075974528 0.00470728380118 0.00187259574674 0.00222841225627 0.00211051875423 0.00239589994866 0.00193823732225 0.00012777579607 0.00253906897646 0.00289105068047 0.00199195682681 0.000390050706592 0.00207679755619 0.00609855234038 0.00580201598629 0.00421188434393 0.00613974068034 0.00653863456556 0.00977032478302 0.000212556930263 0.00339340042125 0.00355719912592 0.00404231036527 0.00164168500341 0.00163081623385 0.0029094749982 
15   0.00612847666544 0.00721141689676 0.00383325990352 0.00640369850735 0.002134544268 0.00131198695105 0.00329905364625 0.0528029855824 0.03244966371 0.0252622597381 0.0352278839603 0.0477595066059 0.0249837566907 0.0948792790887 0.0992532057586 1.0 0.0774986559073 0.0395469173359 0.10964375026 0.0193494828393 0.00559159024827 0.00608978415585 0.00559715378775 0.00579967156306 0.00541125034522 0.000173491094569 0.0118323480976 0.0104867827531 0.00488278015661 0.00057293629853 0.00451903741188 0.0157664855651 0.0159001481171 0.011971424895 0.0132561903369 0.0122205923782 0.0140242663108 0.000190770596411 0.0106465523322 0.00879891200175 0.0138281079555 0.00331309819829 0.00284770001455 0.0135657979796 
16   0.0044487155813 0.00305696138039 0.00131570944919 0.00251382274046 0.00153305820748 0.000566545927371 0.00131927338481 0.0138034752566 0.00682111373898 0.00672514290224 0.0103197784077 0.0119328242285 0.00511928854431 0.0273052855287 0.0273635747872 0.0774986559073 1.0 0.107168082619 0.0607350229361 0.00445286594031 0.0017116963268 0.00202339827554 0.00197373931982 0.00196872496987 0.00183246073298 0.00255234202334 0.00320801770264 0.00287691438742 0.00160008699502 0.000134635627035 0.00167295492267 0.00415566425696 0.00415647219821 0.00329343188886 0.00398687309626 0.00374262707815 0.00420255970755 0.000296318064382 0.00273589353201 0.00214892421838 0.00340144474757 0.00128876147392 0.00140188387991 0.00398552583292 
17   0.00682614669793 0.00334730298505 0.000733337777805 0.00204623889076 0.00160885465935 0.00041461852792 0.000983923153314 0.00171542510252 0.000873422912439 0.00131196230481 0.00166583908635 0.00108156972896 0.00105565026928 0.0133063869876 0.00594748497311 0.0395469173359 0.107168082619 1.0 0.070955165692 0.00101941995005 0.000800713147473 0.000931760395445 0.000872980093448 0.000985478142839 0.000883409117853 0.00189341493952 0.000767560862149 0.00126702821357 0.000875727683411 0.000117488342321 0.00107921527505 0.00127784701443 0.0012023577633 0.00110985637838 0.00246644440507 0.00134562706755 0.00317674520388 0.0002785865885 0.000898241519487 0.000790333213472 0.000942562592047 0.000724592351641 0.000947004188672 0.00114053240523 
18   0.00718133772221 0.0049383475428 0.00200643954639 0.00362555366776 0.00388394528951 0.00152006220025 0.00167546357386 0.0311027913552 0.018658772378 0.0134770042724 0.0182161434797 0.0188708829004 0.0154063477115 0.0861749499417 0.0558075974528 0.10964375026 0.0607350229361 0.070955165692 1.0 0.00604305442121 0.00193673580889 0.00227414153985 0.00231033279914 0.00211912699091 0.00197908969191 0.00050645966279 0.00354666439364 0.00326921966153 0.00191084682239 0.00048704310718 0.00179861344765 0.00637299958624 0.0060045553908 0.00396940221545 0.00640003218118 0.00619914559375 0.0087781549444 0.000726254022701 0.00355752992143 0.00358978221032 0.0044718445431 0.00164455113572 0.00139667542243 0.00397355953785 
19   0.0277540740281 0.0570141122931 0.0513722574942 0.0599880726484 0.00338818081604 0.00415396514855 0.0190656131913 0.00205210100808 0.00155913696257 0.00152878291283 0.000873610643314 0.00146899726353 0.00179579128791 0.00635878394059 0.00470728380118 0.0193494828393 0.00445286594031 0.00101941995005 0.00604305442121 1.0 0.0713920553216 0.0745292120919 0.0834458917473 0.0728606771025 0.0638772188789 0.00485372965855 0.0996766187285 0.092353929602 0.0562923767638 0.0106549231435 0.0509212281891 0.0648640177796 0.0673844189258 0.0665056410178 0.0924991342869 0.0419362941944 0.0161825621246 0.000275227123268 0.0714730731826 0.0362552326853 0.0621781487528 0.0154609236463 0.01350893755 0.102626547794 
20   0.0573587956156 0.0903896594697 0.0636581841486 0.111513875048 0.00572087470432 0.0276496217935 0.0362427348405 0.00177142581702 0.000926087623765 0.00144741876986 0.000684375547103 0.00136333745008 0.0014074082381 0.0036456732434 0.00187259574674 0.00559159024827 0.0017116963268 0.000800713147473 0.00193673580889 0.0713920553216 1.0 0.1355134311 0.193587102506 0.173725032858 0.168249665952 0.00338433435524 0.0520026238617 0.0891159085068 0.140542138833 0.0801949740559 0.145425305342 0.0327321844541 0.0309246746351 0.034682549799 0.0562388749347 0.023472629456 0.00834846394074 0.000289159448865 0.0515381587947 0.0165525624963 0.0273743289409 0.0101330349372 0.0166507226517 0.0547506475673 
21   0.0435974823533 0.0775463536063 0.0612795060862 0.0896634897967 0.00683182793145 0.0168281910039 0.0328787595741 0.00190581877835 0.00112861434771 0.00174921285422 0.000865856055415 0.00140791537519 0.0017125018248 0.00272999528774 0.00222841225627 0.00608978415585 0.00202339827554 0.000931760395445 0.00227414153985 0.0745292120919 0.1355134311 1.0 0.171555719607 0.14536527523 0.134369987083 0.00109805255067 0.055101961996 0.0806804296096 0.113885760629 0.050449367012 0.109763738415 0.0327689990321 0.0326244409724 0.0344015681362 0.059637159297 0.0230975488134 0.00868648687941 0.000360029632269 0.0387732388926 0.0175750925594 0.0281246946155 0.0103686874974 0.0176447746512 0.0582029175647 
22   0.0788354697539 0.135409326659 0.0953519705755 0.153224452842 0.00714869740682 0.0257284367234 0.0514614267915 0.00175382611012 0.00100881617615 0.0012107941006 0.000737342804789 0.00121666771733 0.00127041330563 0.00273218399116 0.00211051875423 0.00559715378775 0.00197373931982 0.000872980093448 0.00231033279914 0.0834458917473 0.193587102506 0.171555719607 1.0 0.223211698524 0.206484502655 0.00116439444268 0.0672172870134 0.107719852443 0.173610968891 0.0820564068399 0.159694023409 0.0440352665737 0.0413538632389 0.0425483796356 0.0863258492735 0.032369715641 0.00822487234929 0.00046850193086 0.0490192076096 0.0205625070596 0.0296133612239 0.0128847242545 0.0220176512033 0.0664160822427 
23   0.0600665062861 0.0976119915725 0.0598012424303 0.117886324353 0.00660481593855 0.0260391700336 0.0451819272291 0.00187263792262 0.00110106289271 0.00147673503592 0.000784798453947 0.00150181304404 0.00147117275698 0.00306536758713 0.00239589994866 0.00579967156306 0.00196872496987 0.000985478142839 0.00211912699091 0.0728606771025 0.173725032858 0.14536527523 0.223211698524 1.0 0.188486269546 0.000724211907137 0.0592916904943 0.100746960156 0.160373322117 0.0788188934529 0.158544882685 0.035395246462 0.0347925676999 0.0370435188426 0.0667271042748 0.0233413451577 0.00746317422213 0.00038443205852 0.0457143888267 0.016991292756 0.0286270717856 0.0117267157039 0.0227383769388 0.0631373631429 
24   0.0577322548713 0.0915658390515 0.0520152332593 0.112262466181 0.00623026033845 0.0271007381868 0.0423496547726 0.00182939882841 0.00104605697456 0.00148180408319 0.000758439548805 0.00134869028328 0.00156195485897 0.00366065363424 0.00193823732225 0.00541125034522 0.00183246073298 0.000883409117853 0.00197908969191 0.0638772188789 0.168249665952 0.134369987083 0.206484502655 0.188486269546 1.0 0.000688009636768 0.0519199020676 0.0911836007269 0.152707395594 0.0839309989219 0.15565068709 0.0321400092332 0.0313431593485 0.0324821812677 0.0573434153661 0.0206602463418 0.00734445530682 0.00034800261002 0.039629624136 0.0156660232709 0.0252180980255 0.0103236398915 0.0195581778811 0.0544783149898 
25   0.00550108087312 0.00233727497209 0.000593815300891 0.00135540371782 0.000854784628465 0.000162681402675 0.00020066579883 0.000272763162617 1.95552575707e-05 0.000125961169607 8.67166826113e-05 6.46005718555e-05 6.04603624743e-05 0.000152578577968 0.00012777579607 0.000173491094569 0.00255234202334 0.00189341493952 0.00050645966279 0.00485372965855 0.00338433435524 0.00109805255067 0.00116439444268 0.000724211907137 0.000688009636768 1.0 0.0034333520961 0.00121047708586 0.00065904994341 0.0002661704546 0.00068660838013 0.000729117439988 0.000399664611347 0.000392629778164 0.00140807039437 0.000322071740115 0.00173052818241 0.000215454021303 0.000443462068901 0.000199007706402 0.000286178131177 0.00014639872937 0.000162813415825 0.000644195073553 
26   0.0209828311752 0.034362485467 0.0278127890091 0.0358569772303 0.00204632500456 0.00264477802275 0.00890032969141 0.00149572986882 0.000863481952193 0.00121240331895 0.00068937277444 0.00103928931412 0.00124194377879 0.00310189594306 0.00253906897646 0.0118323480976 0.00320801770264 0.000767560862149 0.00354666439364 0.0996766187285 0.0520026238617 0.055101961996 0.0672172870134 0.0592916904943 0.0519199020676 0.0034333520961 1.0 0.120018937899 0.0516180918184 0.0146552646067 0.0448389380229 0.0678228089907 0.0731619136668 0.0706422053189 0.0924432223241 0.0377842974028 0.0121293993196 0.000385897509019 0.0777696368521 0.0371920531745 0.0735133947338 0.0145795774505 0.0104842256383 0.116216734412 
27   0.0306559664219 0.0508793597696 0.0349400709892 0.0591933941688 0.00633299749256 0.00932882338275 0.0231574717424 0.00206370348445 0.00114041262202 0.00191271382022 0.00119260584377 0.00178668916572 0.0018998853118 0.00347767958395 0.00289105068047 0.0104867827531 0.00287691438742 0.00126702821357 0.00326921966153 0.092353929602 0.0891159085068 0.0806804296096 0.107719852443 0.100746960156 0.0911836007269 0.00121047708586 0.120018937899 1.0 0.11032416877 0.0414677324178 0.100909212462 0.0738897196153 0.0777821404893 0.0763929207594 0.1125279214 0.0421350277657 0.0133565707505 0.000432476530162 0.0816885343875 0.0418590652098 0.073187751004 0.0239040847266 0.0226922769534 0.10334977099 
28   0.0482804828177 0.0746861055769 0.0421071717482 0.0929934170229 0.0050580422145 0.0200307203201 0.0395515567741 0.00176326671667 0.00108910077265 0.00153755174453 0.000834268881771 0.00144243241841 0.00160299080046 0.00291580702382 0.00199195682681 0.00488278015661 0.00160008699502 0.000875727683411 0.00191084682239 0.0562923767638 0.140542138833 0.113885760629 0.173610968891 0.160373322117 0.152707395594 0.00065904994341 0.0516180918184 0.11032416877 1.0 0.0903587390924 0.186330108289 0.0394248882807 0.0393166161135 0.0416622571623 0.0778012324183 0.0254314674459 0.0080336145217 0.000425296799005 0.0485979700671 0.0205101053439 0.0300348071362 0.0187197125618 0.0312798255925 0.0573515549568 
29   0.0265060335432 0.0348451870614 0.0120386675546 0.0464440033472 0.00647852088981 0.0188631980943 0.00500887232305 0.000594400254271 0.000142640830389 0.000472268617174 0.000253022519004 0.000310507346826 0.00027381139638 0.00052731238465 0.000390050706592 0.00057293629853 0.000134635627035 0.000117488342321 0.00048704310718 0.0106549231435 0.0801949740559 0.050449367012 0.0820564068399 0.0788188934529 0.0839309989219 0.0002661704546 0.0146552646067 0.0414677324178 0.0903587390924 1.0 0.0914723407303 0.0109408871163 0.00723226883376 0.00733941316416 0.0180087240503 0.00325451647184 0.00359151286432 0.000527723310609 0.027696084198 0.0039696349695 0.00561528487607 0.00370288878991 0.00292992811767 0.00921679290856 
30   0.0472901631161 0.0675632549632 0.0345716085277 0.0905418578773 0.00502734024321 0.0244921570349 0.0353636592005 0.00205084307484 0.00129630643954 0.00198500645609 0.00114746794109 0.00189670355386 0.00215371401801 0.00283177614336 0.00207679755619 0.00451903741188 0.00167295492267 0.00107921527505 0.00179861344765 0.0509212281891 0.145425305342 0.109763738415 0.159694023409 0.158544882685 0.15565068709 0.00068660838013 0.0448389380229 0.100909212462 0.186330108289 0.0914723407303 1.0 0.0321378868677 0.0328214971209 0.0347468589506 0.06227428225 0.0203224208833 0.00765776185956 0.000391213175959 0.0415557571028 0.016614515321 0.0260643786825 0.0152335815843 0.0281809507441 0.0509387543701 
31   0.0202416022506 0.0379520083077 0.0284880228121 0.038174700534 0.00358091495807 0.00341549914533 0.0114810562572 0.00354118776733 0.00190704478559 0.00211969938809 0.00114402336067 0.00220046209704 0.00227422544496 0.00603295094318 0.00609855234038 0.0157664855651 0.00415566425696 0.00127784701443 0.00637299958624 0.0648640177796 0.0327321844541 0.0327689990321 0.0440352665737 0.035395246462 0.0321400092332 0.000729117439988 0.0678228089907 0.0738897196153 0.0394248882807 0.0109408871163 0.0321378868677 1.0 0.195341155639 0.123189737818 0.196078330168 0.0930064800655 0.0286410626375 0.000831205192845 0.130545665732 0.122388355828 0.100971904225 0.044986967854 0.0195312093244 0.0646039730874 
32   0.0191937888899 0.0362975868772 0.0256736579271 0.035667150081 0.00266140420755 0.00248966805617 0.0119508320807 0.0034831091739 0.00189103037218 0.00183049530806 0.00103524220271 0.00207453031588 0.00213721503799 0.00616239994729 0.00580201598629 0.0159001481171 0.00415647219821 0.0012023577633 0.0060045553908 0.0673844189258 0.0309246746351 0.0326244409724 0.0413538632389 0.0347925676999 0.0313431593485 0.000399664611347 0.0731619136668 0.0777821404893 0.0393166161135 0.00723226883376 0.0328214971209 0.195341155639 1.0 0.124739145489 0.183688918724 0.087825943756 0.0276678434746 0.000500393166059 0.118976867585 0.119645553043 0.110874376383 0.0455398434372 0.0186729393316 0.0716338504688 
33   0.019086949799 0.0345569177351 0.0250017986906 0.0334584674698 0.00193149579562 0.00258503646025 0.0127479006611 0.0026351241906 0.00161545869707 0.00185377910758 0.00111076507838 0.00192983557173 0.00196702628364 0.00426519235481 0.00421188434393 0.011971424895 0.00329343188886 0.00110985637838 0.00396940221545 0.0665056410178 0.034682549799 0.0344015681362 0.0425483796356 0.0370435188426 0.0324821812677 0.000392629778164 0.0706422053189 0.0763929207594 0.0416622571623 0.00733941316416 0.0347468589506 0.123189737818 0.124739145489 1.0 0.145540585431 0.0666578627648 0.0222037796864 0.000422440834005 0.112548706916 0.0876247966718 0.0945869027632 0.0388744364829 0.0189975297643 0.0674789164373 
34   0.0403734969408 0.0807576752246 0.0679174216023 0.0801079561233 0.00861608282287 0.00507046885172 0.0203276611673 0.00419975787429 0.00173972150196 0.00318360829971 0.00242931548504 0.00310148962231 0.0031233846664 0.00575482756998 0.00613974068034 0.0132561903369 0.00398687309626 0.00246644440507 0.00640003218118 0.0924991342869 0.0562388749347 0.059637159297 0.0863258492735 0.0667271042748 0.0573434153661 0.00140807039437 0.0924432223241 0.1125279214 0.0778012324183 0.0180087240503 0.06227428225 0.196078330168 0.183688918724 0.145540585431 1.0 0.137963152675 0.0360470848039 0.0012687760306 0.146835150628 0.13918146434 0.102672376285 0.0625532575997 0.0319891809255 0.0903604338153 
35   0.0246384668329 0.0455080475755 0.0446999388999 0.0467461402657 0.0020025814121 0.00213727892343 0.00826852664387 0.00458251118746 0.00226904896728 0.0018963544221 0.00114766487382 0.00239275923238 0.00230825575884 0.00645872493181 0.00653863456556 0.0122205923782 0.00374262707815 0.00134562706755 0.00619914559375 0.0419362941944 0.023472629456 0.0230975488134 0.032369715641 0.0233413451577 0.0206602463418 0.000322071740115 0.0377842974028 0.0421350277657 0.0254314674459 0.00325451647184 0.0203224208833 0.0930064800655 0.087825943756 0.0666578627648 0.137963152675 1.0 0.0320540571063 0.000517429579961 0.0659678176708 0.0750430948607 0.0470464393634 0.0300734358288 0.0177121315861 0.0369484048866 
36   0.0103271765613 0.0120292864544 0.00732123060135 0.0108129380458 0.0136033336777 0.00384642751012 0.00443068781748 0.00546348773033 0.00171259833129 0.00502545067346 0.00433662126044 0.00481952074416 0.00515080553573 0.0103539054932 0.00977032478302 0.0140242663108 0.00420255970755 0.00317674520388 0.0087781549444 0.0161825621246 0.00834846394074 0.00868648687941 0.00822487234929 0.00746317422213 0.00734445530682 0.00173052818241 0.0121293993196 0.0133565707505 0.0080336145217 0.00359151286432 0.00765776185956 0.0286410626375 0.0276678434746 0.0222037796864 0.0360470848039 0.0320540571063 1.0 0.00221951675229 0.0214120021957 0.0218743075559 0.0208772987639 0.00948111265022 0.00724160324424 0.0116028880866 
37   0.00410306357093 0.00177227855186 0.000464616573523 0.00101513428567 0.00250896529744 0.000483936871137 0.000421867790968 0.000330529769182 8.4896399862e-05 0.000248250838014 0.000318561799662 0.000158258570566 0.000142619763601 0.000586438904503 0.000212556930263 0.000190770596411 0.000296318064382 0.0002785865885 0.000726254022701 0.000275227123268 0.000289159448865 0.000360029632269 0.00046850193086 0.00038443205852 0.00034800261002 0.000215454021303 0.000385897509019 0.000432476530162 0.000425296799005 0.000527723310609 0.000391213175959 0.000831205192845 0.000500393166059 0.000422440834005 0.0012687760306 0.000517429579961 0.00221951675229 1.0 0.000975076276128 0.000436938596923 0.000300080671038 0.000295543754329 0.000348157272135 0.000472458011512 
38   0.023836240432 0.0368460800794 0.0276718960535 0.0374999732097 0.00298880733216 0.00375579351127 0.0136966360533 0.00239512067423 0.00138809504368 0.00176182289943 0.000874778747481 0.00151010689289 0.0017374694459 0.00481435746699 0.00339340042125 0.0106465523322 0.00273589353201 0.000898241519487 0.00355752992143 0.0714730731826 0.0515381587947 0.0387732388926 0.0490192076096 0.0457143888267 0.039629624136 0.000443462068901 0.0777696368521 0.0816885343875 0.0485979700671 0.027696084198 0.0415557571028 0.130545665732 0.118976867585 0.112548706916 0.146835150628 0.0659678176708 0.0214120021957 0.000975076276128 1.0 0.0892313954376 0.103339075442 0.0422764065054 0.0215950491591 0.0714163650794 
39   0.0133008219108 0.0214151277091 0.0162386269766 0.0212111090911 0.00242967022877 0.0016097083105 0.00556687324427 0.00232847060258 0.00129928514616 0.00159981008706 0.000866572581644 0.00154618864499 0.00179359104039 0.00475470386625 0.00355719912592 0.00879891200175 0.00214892421838 0.000790333213472 0.00358978221032 0.0362552326853 0.0165525624963 0.0175750925594 0.0205625070596 0.016991292756 0.0156660232709 0.000199007706402 0.0371920531745 0.0418590652098 0.0205101053439 0.0039696349695 0.016614515321 0.122388355828 0.119645553043 0.0876247966718 0.13918146434 0.0750430948607 0.0218743075559 0.000436938596923 0.0892313954376 1.0 0.0713160401553 0.050473644447 0.0185556742749 0.0341776749841 
40   0.0137046818328 0.0212759489053 0.0151398046029 0.0206331233009 0.00214652780936 0.00184632190118 0.00765205516543 0.00244064119561 0.00155235980251 0.00188510080692 0.00104565548176 0.00185108259181 0.00200750089482 0.00473471594118 0.00404231036527 0.0138281079555 0.00340144474757 0.000942562592047 0.0044718445431 0.0621781487528 0.0273743289409 0.0281246946155 0.0296133612239 0.0286270717856 0.0252180980255 0.000286178131177 0.0735133947338 0.073187751004 0.0300348071362 0.00561528487607 0.0260643786825 0.100971904225 0.110874376383 0.0945869027632 0.102672376285 0.0470464393634 0.0208772987639 0.000300080671038 0.103339075442 0.0713160401553 1.0 0.0330079325177 0.0132278264988 0.0711504938989 
41   0.010664286187 0.0141595925297 0.00908159860071 0.0130155060189 0.00261991520128 0.00174996008303 0.00610045500282 0.00189041973726 0.00129640542133 0.00193038801642 0.00105677400021 0.00150779024962 0.00194599228461 0.00273902470242 0.00164168500341 0.00331309819829 0.00128876147392 0.000724592351641 0.00164455113572 0.0154609236463 0.0101330349372 0.0103686874974 0.0128847242545 0.0117267157039 0.0103236398915 0.00014639872937 0.0145795774505 0.0239040847266 0.0187197125618 0.00370288878991 0.0152335815843 0.044986967854 0.0455398434372 0.0388744364829 0.0625532575997 0.0300734358288 0.00948111265022 0.000295543754329 0.0422764065054 0.050473644447 0.0330079325177 1.0 0.048696589796 0.0158539342005 
42   0.0131260079879 0.0172232472084 0.00946055953898 0.0168054777873 0.00218356328734 0.00277197185971 0.0127041054719 0.00198813515055 0.00125364340113 0.00206753962784 0.000983059911603 0.00163879651875 0.00192302761468 0.00267786874355 0.00163081623385 0.00284770001455 0.00140188387991 0.000947004188672 0.00139667542243 0.01350893755 0.0166507226517 0.0176447746512 0.0220176512033 0.0227383769388 0.0195581778811 0.000162813415825 0.0104842256383 0.0226922769534 0.0312798255925 0.00292992811767 0.0281809507441 0.0195312093244 0.0186729393316 0.0189975297643 0.0319891809255 0.0177121315861 0.00724160324424 0.000348157272135 0.0215950491591 0.0185556742749 0.0132278264988 0.048696589796 1.0 0.0151329453091 
43   0.0211587611647 0.0364643335829 0.0268150746158 0.038326445833 0.00264249964988 0.003101593091 0.0170286401034 0.00188369011701 0.00122778573565 0.00158842701755 0.000941545291485 0.00144703992876 0.00166146186417 0.00343724989077 0.0029094749982 0.0135657979796 0.00398552583292 0.00114053240523 0.00397355953785 0.102626547794 0.0547506475673 0.0582029175647 0.0664160822427 0.0631373631429 0.0544783149898 0.000644195073553 0.116216734412 0.10334977099 0.0573515549568 0.00921679290856 0.0509387543701 0.0646039730874 0.0716338504688 0.0674789164373 0.0903604338153 0.0369484048866 0.0116028880866 0.000472458011512 0.0714163650794 0.0341776749841 0.0711504938989 0.0158539342005 0.0151329453091 1.0 
